0 0.026250 0.140000 0.047500 0.137778
0 0.077500 0.204444 0.060000 0.133333
0 0.258750 0.102222 0.072500 0.115556
0 0.487500 0.113333 0.085000 0.128889
0 0.657500 0.111111 0.075000 0.142222
0 0.750000 0.111111 0.075000 0.133333
0 0.823750 0.037778 0.062500 0.066667
0 0.897500 0.193333 0.080000 0.146667
0 0.935000 0.560000 0.080000 0.133333
0 0.645000 0.386667 0.075000 0.124444
0 0.496250 0.302222 0.082500 0.106667
0 0.283750 0.382222 0.102500 0.142222
0 0.045000 0.864444 0.085000 0.146667
0 0.127500 0.740000 0.080000 0.137778
0 0.168750 0.648889 0.062500 0.142222
0 0.517500 0.677778 0.075000 0.146667
0 0.576250 0.786667 0.097500 0.142222
0 0.378750 0.911111 0.082500 0.151111
1 0.106250 0.360000 0.077500 0.133333
