0 0.132500 0.116505 0.075000 0.155340
0 0.053750 0.262136 0.102500 0.135922
0 0.151250 0.373786 0.057500 0.184466
0 0.098750 0.577670 0.107500 0.242718
0 0.206250 0.509709 0.077500 0.213592
0 0.313750 0.577670 0.112500 0.233010
0 0.270000 0.898058 0.105000 0.203883
0 0.417500 0.871359 0.125000 0.247573
0 0.562500 0.737864 0.115000 0.184466
0 0.517500 0.383495 0.105000 0.184466
0 0.623750 0.594660 0.082500 0.189320
0 0.752500 0.400485 0.085000 0.208738
0 0.793750 0.691748 0.117500 0.218447
0 0.858750 0.618932 0.062500 0.208738
0 0.948750 0.458738 0.102500 0.247573
0 0.950000 0.876214 0.100000 0.247573
0 0.848750 0.361650 0.072500 0.169903
0 0.925000 0.196602 0.075000 0.179612
0 0.602500 0.325243 0.070000 0.194175
0 0.415000 0.361650 0.085000 0.189320
0 0.337500 0.235437 0.080000 0.179612
0 0.658750 0.123786 0.072500 0.150485
0 0.350000 0.053398 0.070000 0.097087
0 0.427500 0.053398 0.070000 0.097087
0 0.947500 0.055825 0.080000 0.101942
1 0.536250 0.092233 0.052500 0.106796
