0 0.145000 0.498127 0.095000 0.142322
0 0.197500 0.200375 0.085000 0.138577
0 0.061250 0.217228 0.092500 0.119850
0 0.317500 0.205993 0.075000 0.104869
0 0.405000 0.226592 0.055000 0.101124
0 0.465000 0.232210 0.070000 0.134831
0 0.525000 0.490637 0.075000 0.164794
0 0.716250 0.219101 0.092500 0.146067
0 0.861250 0.277154 0.112500 0.134831
0 0.910000 0.546816 0.135000 0.179775
0 0.801250 0.619850 0.092500 0.131086
0 0.613750 0.606742 0.107500 0.142322
0 0.360000 0.599251 0.115000 0.112360
0 0.871250 0.039326 0.077500 0.071161
