1 0.228750 0.063265 0.037500 0.061224
1 0.118750 0.112245 0.037500 0.069388
1 0.066250 0.287755 0.042500 0.077551
1 0.210000 0.259184 0.040000 0.077551
1 0.057500 0.438776 0.045000 0.085714
1 0.202500 0.385714 0.040000 0.061224
1 0.163750 0.534694 0.042500 0.073469
1 0.036250 0.669388 0.047500 0.073469
1 0.150000 0.683673 0.040000 0.085714
1 0.132500 0.902041 0.050000 0.089796
1 0.046250 0.571429 0.037500 0.073469
1 0.456250 0.148980 0.032500 0.053061
1 0.460000 0.206122 0.030000 0.061224
1 0.546250 0.230612 0.027500 0.061224
1 0.588750 0.251020 0.032500 0.069388
1 0.618750 0.155102 0.027500 0.057143
1 0.580000 0.116327 0.030000 0.053061
1 0.707500 0.279592 0.025000 0.053061
1 0.640000 0.344898 0.040000 0.061224
1 0.476250 0.351020 0.027500 0.057143
1 0.562500 0.387755 0.035000 0.057143
1 0.555000 0.489796 0.040000 0.065306
1 0.651250 0.551020 0.032500 0.073469
1 0.730000 0.420408 0.035000 0.065306
1 0.743750 0.526531 0.037500 0.081633
1 0.433750 0.583673 0.037500 0.065306
1 0.468750 0.657143 0.037500 0.057143
1 0.562500 0.669388 0.030000 0.065306
1 0.596250 0.720408 0.042500 0.085714
1 0.642500 0.716327 0.035000 0.069388
1 0.737500 0.669388 0.040000 0.073469
1 0.768750 0.800000 0.037500 0.073469
1 0.490000 0.924490 0.050000 0.102041
1 0.640000 0.942857 0.045000 0.081633
1 0.806250 0.963265 0.037500 0.073469
0 0.521250 0.097959 0.037500 0.057143
0 0.470000 0.104082 0.020000 0.036735
0 0.438750 0.297959 0.032500 0.065306
1 0.720000 0.175510 0.030000 0.057143
0 0.521250 0.448980 0.037500 0.065306
