1 0.513750 0.215556 0.037500 0.075556
1 0.761250 0.202222 0.042500 0.075556
1 0.932500 0.366667 0.035000 0.075556
1 0.943750 0.491111 0.037500 0.120000
1 0.955000 0.202222 0.030000 0.075556
1 0.270000 0.237778 0.035000 0.066667
0 0.377500 0.437778 0.075000 0.173333
0 0.592500 0.524444 0.070000 0.142222
0 0.698750 0.257778 0.037500 0.062222
0 0.755000 0.626667 0.070000 0.204444
0 0.948750 0.888889 0.097500 0.222222
0 0.890000 0.342222 0.030000 0.053333
1 0.578750 0.400000 0.042500 0.071111
0 0.660000 0.664444 0.085000 0.182222
1 0.518750 0.577778 0.062500 0.106667
