0 0.047500 0.261044 0.060000 0.112450
0 0.108750 0.251004 0.072500 0.132530
0 0.240000 0.347390 0.055000 0.116466
0 0.315000 0.301205 0.065000 0.120482
0 0.277500 0.144578 0.060000 0.112450
0 0.343750 0.180723 0.052500 0.120482
0 0.396250 0.307229 0.057500 0.124498
0 0.447500 0.228916 0.060000 0.128514
0 0.510000 0.283133 0.070000 0.124498
0 0.572500 0.248996 0.060000 0.136546
0 0.692500 0.281124 0.065000 0.120482
0 0.750000 0.279116 0.045000 0.124498
0 0.840000 0.255020 0.070000 0.124498
0 0.940000 0.238956 0.065000 0.124498
0 0.987500 0.363454 0.025000 0.116466
0 0.197500 0.297189 0.035000 0.096386
