0 0.208750 0.859551 0.162500 0.243446
0 0.678750 0.423221 0.127500 0.164794
0 0.492500 0.340824 0.095000 0.149813
0 0.822500 0.490637 0.090000 0.157303
0 0.765000 0.788390 0.105000 0.168539
1 0.067500 0.481273 0.110000 0.153558
1 0.091250 0.117978 0.077500 0.131086
1 0.230000 0.119850 0.080000 0.127341
1 0.442500 0.151685 0.060000 0.116105
1 0.627500 0.116105 0.080000 0.112360
1 0.870000 0.136704 0.060000 0.108614
0 0.310000 0.043071 0.060000 0.078652
0 0.502500 0.101124 0.070000 0.119850
0 0.922500 0.297753 0.090000 0.123596
0 0.325000 0.207865 0.075000 0.093633
1 0.225000 0.455056 0.100000 0.176030
1 0.647500 0.647940 0.120000 0.164794
1 0.572500 0.254682 0.075000 0.119850
1 0.157500 0.610487 0.120000 0.149813
