0 0.078750 0.226592 0.052500 0.093633
0 0.256250 0.275281 0.047500 0.078652
0 0.516250 0.355805 0.052500 0.097378
0 0.622500 0.264045 0.050000 0.086142
0 0.188750 0.106742 0.027500 0.063670
0 0.370000 0.089888 0.030000 0.044944
0 0.415000 0.140449 0.040000 0.071161
0 0.456250 0.078652 0.037500 0.082397
0 0.517500 0.080524 0.030000 0.063670
0 0.666250 0.129213 0.037500 0.063670
0 0.748750 0.058052 0.032500 0.056180
0 0.953750 0.099251 0.037500 0.056180
1 0.593750 0.102996 0.022500 0.041199
1 0.880000 0.059925 0.030000 0.052434
1 0.695000 0.074906 0.030000 0.044944
