0 0.347500 0.635556 0.130000 0.311111
0 0.587500 0.624444 0.160000 0.271111
0 0.840000 0.762222 0.165000 0.288889
1 0.142500 0.806667 0.140000 0.288889
1 0.278750 0.404444 0.112500 0.195556
1 0.358750 0.326667 0.092500 0.182222
1 0.207500 0.177778 0.065000 0.142222
1 0.585000 0.268889 0.065000 0.146667
0 0.752500 0.548889 0.085000 0.217778
0 0.450000 0.606667 0.090000 0.200000
0 0.130000 0.366667 0.135000 0.217778
0 0.457500 0.291111 0.085000 0.164444
0 0.683750 0.364444 0.067500 0.124444
0 0.850000 0.266667 0.075000 0.151111
0 0.798750 0.204444 0.057500 0.115556
0 0.266250 0.182222 0.057500 0.124444
0 0.033750 0.208889 0.062500 0.142222
0 0.121250 0.137778 0.057500 0.088889
0 0.783750 0.115556 0.047500 0.115556
1 0.480000 0.120000 0.050000 0.097778
