0 0.083750 0.816667 0.072500 0.113333
0 0.217500 0.815000 0.065000 0.110000
0 0.330000 0.856667 0.065000 0.093333
0 0.502500 0.885000 0.070000 0.116667
0 0.795000 0.758333 0.065000 0.103333
0 0.955000 0.820000 0.060000 0.093333
0 0.671250 0.658333 0.062500 0.083333
0 0.547500 0.671667 0.065000 0.090000
0 0.405000 0.636667 0.065000 0.086667
0 0.241250 0.586667 0.057500 0.093333
0 0.191250 0.570000 0.047500 0.093333
0 0.117500 0.571667 0.065000 0.083333
0 0.015000 0.536667 0.025000 0.093333
0 0.978750 0.558333 0.032500 0.076667
0 0.848750 0.503333 0.047500 0.073333
0 0.717500 0.485000 0.050000 0.083333
0 0.571250 0.486667 0.047500 0.073333
0 0.468750 0.476667 0.047500 0.080000
0 0.347500 0.421667 0.055000 0.070000
0 0.260000 0.430000 0.050000 0.066667
0 0.130000 0.385000 0.050000 0.083333
0 0.022500 0.386667 0.040000 0.066667
0 0.965000 0.351667 0.050000 0.070000
0 0.807500 0.306667 0.040000 0.073333
0 0.723750 0.306667 0.047500 0.073333
0 0.651250 0.296667 0.047500 0.073333
0 0.536250 0.251667 0.052500 0.076667
0 0.477500 0.251667 0.045000 0.070000
0 0.367500 0.206667 0.045000 0.073333
0 0.287500 0.228333 0.040000 0.063333
0 0.175000 0.193333 0.045000 0.080000
0 0.085000 0.200000 0.045000 0.066667
0 0.022500 0.190000 0.040000 0.066667
0 0.982500 0.206667 0.035000 0.066667
0 0.892500 0.186667 0.040000 0.073333
0 0.785000 0.156667 0.045000 0.066667
0 0.693750 0.173333 0.047500 0.073333
0 0.571250 0.146667 0.042500 0.073333
0 0.477500 0.113333 0.045000 0.073333
0 0.332500 0.143333 0.035000 0.060000
0 0.211250 0.138333 0.037500 0.056667
0 0.112500 0.100000 0.035000 0.066667
0 0.020000 0.096667 0.030000 0.066667
0 0.108750 0.025000 0.032500 0.043333
0 0.185000 0.046667 0.035000 0.060000
0 0.295000 0.031667 0.035000 0.050000
0 0.378750 0.046667 0.037500 0.060000
0 0.447500 0.058333 0.035000 0.050000
0 0.513750 0.050000 0.037500 0.066667
0 0.643750 0.061667 0.037500 0.056667
0 0.742500 0.068333 0.040000 0.063333
0 0.812500 0.061667 0.040000 0.063333
0 0.596250 0.021667 0.032500 0.036667
0 0.221250 0.026667 0.027500 0.046667
