0 0.083750 0.544444 0.057500 0.093333
0 0.200000 0.440000 0.070000 0.115556
0 0.398750 0.437778 0.057500 0.137778
0 0.458750 0.626667 0.072500 0.151111
0 0.850000 0.635556 0.160000 0.346667
0 0.950000 0.711111 0.055000 0.222222
0 0.686250 0.493333 0.037500 0.097778
0 0.591250 0.471111 0.037500 0.071111
0 0.640000 0.411111 0.030000 0.066667
0 0.260000 0.342222 0.025000 0.044444
0 0.037500 0.446667 0.045000 0.084444
0 0.325000 0.466667 0.050000 0.080000
0 0.116250 0.377778 0.017500 0.044444
0 0.012500 0.357778 0.020000 0.040000
