0 0.766250 0.677419 0.182500 0.331797
0 0.948750 0.423963 0.067500 0.110599
0 0.641250 0.493088 0.057500 0.119816
0 0.513750 0.624424 0.077500 0.161290
0 0.321250 0.682028 0.087500 0.138249
0 0.180000 0.532258 0.080000 0.124424
0 0.236250 0.502304 0.047500 0.082949
0 0.127500 0.552995 0.045000 0.082949
0 0.045000 0.486175 0.035000 0.069124
0 0.540000 0.495392 0.045000 0.078341
0 0.336250 0.513825 0.037500 0.069124
0 0.296250 0.433180 0.032500 0.046083
0 0.870000 0.444700 0.045000 0.078341
0 0.463750 0.373272 0.027500 0.046083
0 0.117500 0.423963 0.025000 0.046083
0 0.047500 0.412442 0.020000 0.041475
0 0.677500 0.366359 0.020000 0.032258
0 0.420000 0.635945 0.030000 0.073733
