0 0.078750 0.269912 0.062500 0.115044
0 0.165000 0.323009 0.060000 0.106195
0 0.342500 0.316372 0.075000 0.119469
0 0.407500 0.283186 0.045000 0.106195
0 0.472500 0.278761 0.045000 0.088496
0 0.292500 0.221239 0.045000 0.079646
0 0.441250 0.515487 0.077500 0.110619
0 0.522500 0.263274 0.040000 0.101770
0 0.611250 0.298673 0.037500 0.084071
0 0.705000 0.362832 0.065000 0.123894
0 0.757500 0.243363 0.055000 0.123894
0 0.882500 0.234513 0.055000 0.088496
0 0.942500 0.256637 0.055000 0.106195
0 0.838750 0.241150 0.022500 0.075221
0 0.363750 0.216814 0.037500 0.079646
1 0.807500 0.261062 0.040000 0.079646
